Time		Xc		Yc		Zc		Xn		Yn		Zn		Xa		Ya		Za
0		6e+06		0		0		6e+06		0		0		6e+06		0		0		
60		5.98009e+06		408708		408708		5.98006e+06		408707		408706		5.98006e+06		408707		408706		
120		5.92067e+06		814718		814718		5.92052e+06		814712		814699		5.92052e+06		814711		814699		
180		5.82257e+06		1.21541e+06		1.21541e+06		5.82225e+06		1.21539e+06		1.21535e+06		5.82225e+06		1.21539e+06		1.21535e+06		
240		5.68716e+06		1.60833e+06		1.60833e+06		5.68661e+06		1.60829e+06		1.60818e+06		5.68661e+06		1.60828e+06		1.60819e+06		
300		5.51628e+06		1.99123e+06		1.99123e+06		5.51545e+06		1.99114e+06		1.99095e+06		5.51544e+06		1.99114e+06		1.99095e+06		
360		5.3121e+06		2.36213e+06		2.36213e+06		5.31095e+06		2.36198e+06		2.36166e+06		5.31095e+06		2.36198e+06		2.36166e+06		
420		5.07708e+06		2.71933e+06		2.71933e+06		5.0756e+06		2.71912e+06		2.71861e+06		5.07559e+06		2.71911e+06		2.71862e+06		
480		4.81388e+06		3.06146e+06		3.06146e+06		4.81204e+06		3.06117e+06		3.06043e+06		4.81203e+06		3.06115e+06		3.06044e+06		
540		4.52523e+06		3.38743e+06		3.38743e+06		4.52302e+06		3.38704e+06		3.38604e+06		4.523e+06		3.38702e+06		3.38604e+06		
600		4.21388e+06		3.69643e+06		3.69643e+06		4.2113e+06		3.69594e+06		3.69462e+06		4.21128e+06		3.69592e+06		3.69463e+06		
660		3.88255e+06		3.98792e+06		3.98792e+06		3.8796e+06		3.98733e+06		3.98565e+06		3.87958e+06		3.98731e+06		3.98566e+06		
720		3.53385e+06		4.26161e+06		4.26161e+06		3.53054e+06		4.2609e+06		4.25881e+06		3.53051e+06		4.26087e+06		4.25882e+06		
780		3.17027e+06		4.51738e+06		4.51738e+06		3.1666e+06		4.51656e+06		4.51402e+06		3.16657e+06		4.51652e+06		4.51403e+06		
840		2.79413e+06		4.75529e+06		4.75529e+06		2.79011e+06		4.75434e+06		4.75132e+06		2.79008e+06		4.7543e+06		4.75133e+06		
900		2.4076e+06		4.97554e+06		4.97554e+06		2.40324e+06		4.97446e+06		4.97093e+06		2.4032e+06		4.97441e+06		4.97094e+06		
960		2.01265e+06		5.17845e+06		5.17845e+06		2.00796e+06		5.17723e+06		5.17315e+06		2.00792e+06		5.17717e+06		5.17316e+06		
1020		1.6111e+06		5.36439e+06		5.36439e+06		1.60609e+06		5.36303e+06		5.35838e+06		1.60605e+06		5.36296e+06		5.35839e+06		
1080		1.20458e+06		5.53384e+06		5.53384e+06		1.19926e+06		5.53232e+06		5.52707e+06		1.19922e+06		5.53225e+06		5.52709e+06		
1140		794562		5.68729e+06		5.68729e+06		788945		5.68561e+06		5.67975e+06		788903		5.68553e+06		5.67976e+06		
1200		382374		5.82529e+06		5.82529e+06		376473		5.82342e+06		5.81694e+06		376430		5.82334e+06		5.81696e+06		
1260		-30802.9		5.94839e+06		5.94839e+06		-36973.5		5.94633e+06		5.93921e+06		-37017.8		5.94624e+06		5.93922e+06		
1320		-443916		6.05715e+06		6.05715e+06		-450341		6.05488e+06		6.04711e+06		-450386		6.05478e+06		6.04712e+06		
1380		-856028		6.15213e+06		6.15213e+06		-862691		6.14964e+06		6.14121e+06		-862738		6.14953e+06		6.14123e+06		
1440		-1.26631e+06		6.23391e+06		6.23391e+06		-1.27319e+06		6.23117e+06		6.22208e+06		-1.27324e+06		6.23106e+06		6.22209e+06		
1500		-1.67403e+06		6.30302e+06		6.30302e+06		-1.68111e+06		6.30001e+06		6.29027e+06		-1.68116e+06		6.2999e+06		6.29028e+06		
1560		-2.07853e+06		6.36e+06		6.36e+06		-2.0858e+06		6.35672e+06		6.34631e+06		-2.08585e+06		6.3566e+06		6.34632e+06		
1620		-2.47925e+06		6.40539e+06		6.40539e+06		-2.48668e+06		6.4018e+06		6.39073e+06		-2.48673e+06		6.40168e+06		6.39074e+06		
1680		-2.87568e+06		6.43968e+06		6.43968e+06		-2.88324e+06		6.43577e+06		6.42404e+06		-2.88329e+06		6.43564e+06		6.42404e+06		
1740		-3.26737e+06		6.46335e+06		6.46335e+06		-3.27505e+06		6.45911e+06		6.44672e+06		-3.2751e+06		6.45897e+06		6.44672e+06		
1800		-3.65395e+06		6.47689e+06		6.47689e+06		-3.66171e+06		6.47228e+06		6.45924e+06		-3.66176e+06		6.47213e+06		6.45925e+06		
1860		-4.03506e+06		6.48073e+06		6.48073e+06		-4.04288e+06		6.47574e+06		6.46206e+06		-4.04293e+06		6.47559e+06		6.46206e+06		
1920		-4.4104e+06		6.47531e+06		6.47531e+06		-4.41826e+06		6.46992e+06		6.4556e+06		-4.41831e+06		6.46976e+06		6.4556e+06		
1980		-4.77973e+06		6.46104e+06		6.46104e+06		-4.78758e+06		6.45523e+06		6.44028e+06		-4.78764e+06		6.45507e+06		6.44028e+06		
2040		-5.1428e+06		6.43832e+06		6.43832e+06		-5.15063e+06		6.43207e+06		6.41649e+06		-5.15068e+06		6.4319e+06		6.41649e+06		
2100		-5.49941e+06		6.40751e+06		6.40751e+06		-5.50719e+06		6.4008e+06		6.38462e+06		-5.50724e+06		6.40062e+06		6.38461e+06		
2160		-5.84941e+06		6.36898e+06		6.36898e+06		-5.85709e+06		6.36179e+06		6.34501e+06		-5.85715e+06		6.36161e+06		6.345e+06		
2220		-6.19263e+06		6.32307e+06		6.32307e+06		-6.20019e+06		6.31539e+06		6.29802e+06		-6.20024e+06		6.3152e+06		6.29801e+06		
2280		-6.52895e+06		6.27012e+06		6.27012e+06		-6.53635e+06		6.26192e+06		6.24397e+06		-6.5364e+06		6.26172e+06		6.24396e+06		
2340		-6.85825e+06		6.21042e+06		6.21042e+06		-6.86546e+06		6.20169e+06		6.18318e+06		-6.86551e+06		6.20149e+06		6.18316e+06		
2400		-7.18044e+06		6.14428e+06		6.14428e+06		-7.18742e+06		6.135e+06		6.11594e+06		-7.18747e+06		6.1348e+06		6.11592e+06		
2460		-7.49544e+06		6.07198e+06		6.07198e+06		-7.50215e+06		6.06215e+06		6.04254e+06		-7.5022e+06		6.06193e+06		6.04251e+06		
2520		-7.80317e+06		5.9938e+06		5.9938e+06		-7.80959e+06		5.98339e+06		5.96325e+06		-7.80964e+06		5.98317e+06		5.96323e+06		
2580		-8.10359e+06		5.90999e+06		5.90999e+06		-8.10966e+06		5.89899e+06		5.87834e+06		-8.10971e+06		5.89877e+06		5.87831e+06		
2640		-8.39663e+06		5.82081e+06		5.82081e+06		-8.40233e+06		5.8092e+06		5.78806e+06		-8.40238e+06		5.80897e+06		5.78802e+06		
2700		-8.68227e+06		5.72649e+06		5.72649e+06		-8.68756e+06		5.71427e+06		5.69263e+06		-8.6876e+06		5.71403e+06		5.69259e+06		
2760		-8.96046e+06		5.62726e+06		5.62726e+06		-8.9653e+06		5.61441e+06		5.5923e+06		-8.96534e+06		5.61416e+06		5.59226e+06		
2820		-9.23118e+06		5.52333e+06		5.52333e+06		-9.23553e+06		5.50984e+06		5.48728e+06		-9.23557e+06		5.5096e+06		5.48723e+06		
2880		-9.49441e+06		5.41492e+06		5.41492e+06		-9.49823e+06		5.40079e+06		5.37778e+06		-9.49826e+06		5.40053e+06		5.37772e+06		
2940		-9.75014e+06		5.30224e+06		5.30224e+06		-9.75338e+06		5.28744e+06		5.264e+06		-9.75341e+06		5.28718e+06		5.26394e+06		
3000		-9.99834e+06		5.18546e+06		5.18546e+06		-1.0001e+07		5.16999e+06		5.14614e+06		-1.0001e+07		5.16973e+06		5.14608e+06		
3060		-1.0239e+07		5.06478e+06		5.06478e+06		-1.0241e+07		5.04864e+06		5.02438e+06		-1.0241e+07		5.04836e+06		5.02431e+06		
3120		-1.04722e+07		4.94037e+06		4.94037e+06		-1.04735e+07		4.92354e+06		4.89891e+06		-1.04735e+07		4.92327e+06		4.89883e+06		
3180		-1.06978e+07		4.81241e+06		4.81241e+06		-1.06984e+07		4.79489e+06		4.76988e+06		-1.06984e+07		4.79461e+06		4.7698e+06		
3240		-1.09159e+07		4.68106e+06		4.68106e+06		-1.09157e+07		4.66285e+06		4.63748e+06		-1.09157e+07		4.66256e+06		4.6374e+06		
3300		-1.11264e+07		4.54648e+06		4.54648e+06		-1.11254e+07		4.52757e+06		4.50186e+06		-1.11254e+07		4.52727e+06		4.50177e+06		
3360		-1.13295e+07		4.40883e+06		4.40883e+06		-1.13276e+07		4.38921e+06		4.36318e+06		-1.13276e+07		4.38891e+06		4.36308e+06		
3420		-1.1525e+07		4.26825e+06		4.26825e+06		-1.15222e+07		4.24792e+06		4.22158e+06		-1.15222e+07		4.24762e+06		4.22148e+06		
3480		-1.1713e+07		4.12489e+06		4.12489e+06		-1.17093e+07		4.10385e+06		4.07721e+06		-1.17093e+07		4.10354e+06		4.0771e+06		
3540		-1.18935e+07		3.97888e+06		3.97888e+06		-1.18888e+07		3.95713e+06		3.93021e+06		-1.18888e+07		3.95682e+06		3.9301e+06		
3600		-1.20665e+07		3.83037e+06		3.83037e+06		-1.20608e+07		3.8079e+06		3.78072e+06		-1.20608e+07		3.80759e+06		3.7806e+06		
3660		-1.22321e+07		3.67949e+06		3.67949e+06		-1.22253e+07		3.6563e+06		3.62887e+06		-1.22252e+07		3.65598e+06		3.62875e+06		
3720		-1.23901e+07		3.52635e+06		3.52635e+06		-1.23822e+07		3.50245e+06		3.47479e+06		-1.23822e+07		3.50213e+06		3.47466e+06		
3780		-1.25407e+07		3.3711e+06		3.3711e+06		-1.25317e+07		3.34648e+06		3.31859e+06		-1.25316e+07		3.34615e+06		3.31846e+06		
3840		-1.26839e+07		3.21384e+06		3.21384e+06		-1.26736e+07		3.1885e+06		3.16041e+06		-1.26736e+07		3.18817e+06		3.16027e+06		
3900		-1.28196e+07		3.05469e+06		3.05469e+06		-1.28081e+07		3.02865e+06		3.00037e+06		-1.2808e+07		3.02831e+06		3.00022e+06		
3960		-1.29478e+07		2.89377e+06		2.89377e+06		-1.29351e+07		2.86702e+06		2.83857e+06		-1.2935e+07		2.86668e+06		2.83841e+06		
4020		-1.30687e+07		2.7312e+06		2.7312e+06		-1.30546e+07		2.70374e+06		2.67513e+06		-1.30545e+07		2.70339e+06		2.67497e+06		
4080		-1.31821e+07		2.56707e+06		2.56707e+06		-1.31667e+07		2.53892e+06		2.51016e+06		-1.31666e+07		2.53857e+06		2.51e+06		
4140		-1.32882e+07		2.4015e+06		2.4015e+06		-1.32713e+07		2.37266e+06		2.34378e+06		-1.32712e+07		2.3723e+06		2.3436e+06		
4200		-1.33868e+07		2.2346e+06		2.2346e+06		-1.33685e+07		2.20507e+06		2.17607e+06		-1.33684e+07		2.20471e+06		2.1759e+06		
4260		-1.34781e+07		2.06647e+06		2.06647e+06		-1.34583e+07		2.03625e+06		2.00716e+06		-1.34582e+07		2.0359e+06		2.00698e+06		
4320		-1.3562e+07		1.8972e+06		1.8972e+06		-1.35406e+07		1.86632e+06		1.83714e+06		-1.35405e+07		1.86596e+06		1.83696e+06		
4380		-1.36385e+07		1.72691e+06		1.72691e+06		-1.36156e+07		1.69536e+06		1.66612e+06		-1.36154e+07		1.695e+06		1.66593e+06		
4440		-1.37077e+07		1.55568e+06		1.55568e+06		-1.36831e+07		1.52348e+06		1.49419e+06		-1.3683e+07		1.52311e+06		1.49399e+06		
4500		-1.37695e+07		1.38362e+06		1.38362e+06		-1.37433e+07		1.35078e+06		1.32145e+06		-1.37431e+07		1.35041e+06		1.32125e+06		
4560		-1.3824e+07		1.21082e+06		1.21082e+06		-1.3796e+07		1.17735e+06		1.148e+06		-1.37959e+07		1.17698e+06		1.14779e+06		
4620		-1.38711e+07		1.03738e+06		1.03738e+06		-1.38414e+07		1.00329e+06		973934		-1.38412e+07		1.00292e+06		973720		
4680		-1.39109e+07		863385		863385		-1.38794e+07		828697		799349		-1.38792e+07		828322		799130		
4740		-1.39434e+07		688938		688938		-1.391e+07		653662		624339		-1.39098e+07		653285		624115		
4800		-1.39686e+07		514130		514130		-1.39332e+07		478281		448998		-1.39331e+07		477903		448769		
4860		-1.39864e+07		339052		339052		-1.39491e+07		302647		273419		-1.39489e+07		302268		273186		
4920		-1.39969e+07		163797		163797		-1.39576e+07		126853		97696.2		-1.39574e+07		126473		97457.7		
4980		-1.40001e+07		-11544.5		-11544.5		-1.39588e+07		-49007.6		-78078.6		-1.39586e+07		-49389		-78321.7		
5040		-1.39959e+07		-186880		-186880		-1.39526e+07		-224843		-253812		-1.39523e+07		-225225		-254060		
5100		-1.39844e+07		-362117		-362117		-1.3939e+07		-400559		-429412		-1.39387e+07		-400941		-429664		
5160		-1.39657e+07		-537165		-537165		-1.3918e+07		-576063		-604784		-1.39177e+07		-576446		-605040		
5220		-1.39395e+07		-711930		-711930		-1.38897e+07		-751263		-779836		-1.38894e+07		-751645		-780096		
5280		-1.39061e+07		-886322		-886322		-1.3854e+07		-926063		-954473		-1.38537e+07		-926445		-954737		
5340		-1.38653e+07		-1.06025e+06		-1.06025e+06		-1.38109e+07		-1.10037e+06		-1.1286e+06		-1.38106e+07		-1.10075e+06		-1.12887e+06		
5400		-1.38172e+07		-1.23361e+06		-1.23361e+06		-1.37604e+07		-1.27409e+06		-1.30213e+06		-1.37601e+07		-1.27447e+06		-1.3024e+06		
5460		-1.37618e+07		-1.40632e+06		-1.40632e+06		-1.37026e+07		-1.44713e+06		-1.47495e+06		-1.37022e+07		-1.4475e+06		-1.47523e+06		
5520		-1.3699e+07		-1.57828e+06		-1.57828e+06		-1.36373e+07		-1.61938e+06		-1.64698e+06		-1.3637e+07		-1.61976e+06		-1.64726e+06		
5580		-1.36288e+07		-1.74939e+06		-1.74939e+06		-1.35647e+07		-1.79076e+06		-1.81812e+06		-1.35643e+07		-1.79113e+06		-1.8184e+06		
5640		-1.35513e+07		-1.91955e+06		-1.91955e+06		-1.34847e+07		-1.96115e+06		-1.98826e+06		-1.34843e+07		-1.96153e+06		-1.98854e+06		
5700		-1.34665e+07		-2.08867e+06		-2.08867e+06		-1.33972e+07		-2.13047e+06		-2.15731e+06		-1.33968e+07		-2.13085e+06		-2.15759e+06		
5760		-1.33742e+07		-2.25665e+06		-2.25665e+06		-1.33023e+07		-2.29861e+06		-2.32516e+06		-1.33019e+07		-2.29899e+06		-2.32545e+06		
5820		-1.32746e+07		-2.42338e+06		-2.42338e+06		-1.32e+07		-2.46547e+06		-2.49171e+06		-1.31996e+07		-2.46584e+06		-2.492e+06		
5880		-1.31676e+07		-2.58877e+06		-2.58877e+06		-1.30903e+07		-2.63094e+06		-2.65686e+06		-1.30899e+07		-2.6313e+06		-2.65715e+06		
5940		-1.30532e+07		-2.75269e+06		-2.75269e+06		-1.29731e+07		-2.79491e+06		-2.8205e+06		-1.29727e+07		-2.79527e+06		-2.82079e+06		
6000		-1.29313e+07		-2.91506e+06		-2.91506e+06		-1.28485e+07		-2.95727e+06		-2.98251e+06		-1.2848e+07		-2.95763e+06		-2.9828e+06		
6060		-1.28021e+07		-3.07575e+06		-3.07575e+06		-1.27164e+07		-3.11792e+06		-3.14279e+06		-1.27159e+07		-3.11827e+06		-3.14308e+06		
6120		-1.26654e+07		-3.23465e+06		-3.23465e+06		-1.25768e+07		-3.27673e+06		-3.30122e+06		-1.25763e+07		-3.27708e+06		-3.30151e+06		
6180		-1.25213e+07		-3.39166e+06		-3.39166e+06		-1.24297e+07		-3.43359e+06		-3.45768e+06		-1.24292e+07		-3.43393e+06		-3.45797e+06		
6240		-1.23697e+07		-3.54664e+06		-3.54664e+06		-1.22751e+07		-3.58838e+06		-3.61205e+06		-1.22746e+07		-3.58872e+06		-3.61235e+06		
6300		-1.22106e+07		-3.69949e+06		-3.69949e+06		-1.21131e+07		-3.74097e+06		-3.76422e+06		-1.21125e+07		-3.74131e+06		-3.76451e+06		
6360		-1.20441e+07		-3.85007e+06		-3.85007e+06		-1.19435e+07		-3.89125e+06		-3.91404e+06		-1.19429e+07		-3.89157e+06		-3.91434e+06		
6420		-1.18701e+07		-3.99825e+06		-3.99825e+06		-1.17663e+07		-4.03907e+06		-4.0614e+06		-1.17658e+07		-4.03939e+06		-4.06169e+06		
6480		-1.16886e+07		-4.14392e+06		-4.14392e+06		-1.15817e+07		-4.1843e+06		-4.20615e+06		-1.15811e+07		-4.18461e+06		-4.20644e+06		
6540		-1.14996e+07		-4.28692e+06		-4.28692e+06		-1.13895e+07		-4.32681e+06		-4.34816e+06		-1.13889e+07		-4.32711e+06		-4.34845e+06		
6600		-1.13031e+07		-4.42712e+06		-4.42712e+06		-1.11897e+07		-4.46644e+06		-4.48729e+06		-1.11891e+07		-4.46674e+06		-4.48758e+06		
6660		-1.10991e+07		-4.56438e+06		-4.56438e+06		-1.09824e+07		-4.60307e+06		-4.62338e+06		-1.09818e+07		-4.60336e+06		-4.62367e+06		
6720		-1.08875e+07		-4.69854e+06		-4.69854e+06		-1.07676e+07		-4.73652e+06		-4.75629e+06		-1.07669e+07		-4.7368e+06		-4.75657e+06		
6780		-1.06684e+07		-4.82945e+06		-4.82945e+06		-1.05451e+07		-4.86664e+06		-4.88585e+06		-1.05444e+07		-4.86692e+06		-4.88613e+06		
6840		-1.04418e+07		-4.95695e+06		-4.95695e+06		-1.03151e+07		-4.99327e+06		-5.0119e+06		-1.03144e+07		-4.99354e+06		-5.01218e+06		
6900		-1.02077e+07		-5.08088e+06		-5.08088e+06		-1.00776e+07		-5.11624e+06		-5.13428e+06		-1.00768e+07		-5.1165e+06		-5.13455e+06		
6960		-9.966e+06		-5.20106e+06		-5.20106e+06		-9.83245e+06		-5.23538e+06		-5.2528e+06		-9.8317e+06		-5.23562e+06		-5.25306e+06		
7020		-9.7168e+06		-5.31731e+06		-5.31731e+06		-9.57978e+06		-5.35048e+06		-5.36728e+06		-9.579e+06		-5.35072e+06		-5.36753e+06		
7080		-9.46008e+06		-5.42944e+06		-5.42944e+06		-9.31956e+06		-5.46138e+06		-5.47752e+06		-9.31877e+06		-5.4616e+06		-5.47777e+06		
7140		-9.19586e+06		-5.53727e+06		-5.53727e+06		-9.05182e+06		-5.56786e+06		-5.58334e+06		-9.051e+06		-5.56807e+06		-5.58359e+06		
7200		-8.92415e+06		-5.64058e+06		-5.64058e+06		-8.77657e+06		-5.66973e+06		-5.68453e+06		-8.77573e+06		-5.66992e+06		-5.68476e+06		
7260		-8.64497e+06		-5.73918e+06		-5.73918e+06		-8.49383e+06		-5.76676e+06		-5.78086e+06		-8.49298e+06		-5.76694e+06		-5.78109e+06		
7320		-8.35835e+06		-5.83284e+06		-5.83284e+06		-8.20365e+06		-5.85873e+06		-5.87211e+06		-8.20278e+06		-5.85889e+06		-5.87233e+06		
7380		-8.06433e+06		-5.92133e+06		-5.92133e+06		-7.90605e+06		-5.9454e+06		-5.95806e+06		-7.90516e+06		-5.94555e+06		-5.95826e+06		
7440		-7.76294e+06		-6.00441e+06		-6.00441e+06		-7.60109e+06		-6.02654e+06		-6.03844e+06		-7.60018e+06		-6.02667e+06		-6.03864e+06		
7500		-7.45424e+06		-6.08183e+06		-6.08183e+06		-7.28882e+06		-6.10188e+06		-6.11301e+06		-7.28789e+06		-6.10199e+06		-6.1132e+06		
7560		-7.13829e+06		-6.15333e+06		-6.15333e+06		-6.96931e+06		-6.17115e+06		-6.1815e+06		-6.96836e+06		-6.17125e+06		-6.18168e+06		
7620		-6.81515e+06		-6.21863e+06		-6.21863e+06		-6.64263e+06		-6.23408e+06		-6.24363e+06		-6.64166e+06		-6.23416e+06		-6.24379e+06		
7680		-6.48492e+06		-6.27746e+06		-6.27746e+06		-6.30888e+06		-6.29036e+06		-6.2991e+06		-6.30789e+06		-6.29042e+06		-6.29924e+06		
7740		-6.14768e+06		-6.32951e+06		-6.32951e+06		-5.96817e+06		-6.3397e+06		-6.3476e+06		-5.96716e+06		-6.33974e+06		-6.34773e+06		
7800		-5.80355e+06		-6.37446e+06		-6.37446e+06		-5.62061e+06		-6.38177e+06		-6.38882e+06		-5.61958e+06		-6.38179e+06		-6.38893e+06		
7860		-5.45267e+06		-6.41199e+06		-6.41199e+06		-5.26636e+06		-6.41623e+06		-6.42241e+06		-5.26531e+06		-6.41623e+06		-6.4225e+06		
7920		-5.09519e+06		-6.44175e+06		-6.44175e+06		-4.90557e+06		-6.44273e+06		-6.44802e+06		-4.90451e+06		-6.44271e+06		-6.44809e+06		
7980		-4.73128e+06		-6.46338e+06		-6.46338e+06		-4.53844e+06		-6.4609e+06		-6.46528e+06		-4.53736e+06		-6.46085e+06		-6.46534e+06		
8040		-4.36114e+06		-6.4765e+06		-6.4765e+06		-4.1652e+06		-6.47035e+06		-6.47381e+06		-4.1641e+06		-6.47027e+06		-6.47384e+06		
8100		-3.98502e+06		-6.48072e+06		-6.48072e+06		-3.78608e+06		-6.47068e+06		-6.47319e+06		-3.78496e+06		-6.47057e+06		-6.4732e+06		
8160		-3.60317e+06		-6.47562e+06		-6.47562e+06		-3.40138e+06		-6.46145e+06		-6.46301e+06		-3.40025e+06		-6.46132e+06		-6.463e+06		
8220		-3.21589e+06		-6.46077e+06		-6.46077e+06		-3.01142e+06		-6.44223e+06		-6.44282e+06		-3.01028e+06		-6.44207e+06		-6.44278e+06		
8280		-2.82355e+06		-6.43572e+06		-6.43572e+06		-2.61658e+06		-6.41256e+06		-6.41216e+06		-2.61543e+06		-6.41236e+06		-6.41209e+06		
8340		-2.42652e+06		-6.4e+06		-6.4e+06		-2.21729e+06		-6.37195e+06		-6.37055e+06		-2.21612e+06		-6.37173e+06		-6.37045e+06		
8400		-2.02527e+06		-6.35311e+06		-6.35311e+06		-1.81402e+06		-6.31991e+06		-6.31749e+06		-1.81284e+06		-6.31965e+06		-6.31736e+06		
8460		-1.62031e+06		-6.29455e+06		-6.29455e+06		-1.40733e+06		-6.25592e+06		-6.25246e+06		-1.40614e+06		-6.25562e+06		-6.2523e+06		
8520		-1.21221e+06		-6.2238e+06		-6.2238e+06		-997838		-6.17944e+06		-6.17494e+06		-996643		-6.17911e+06		-6.17475e+06		
8580		-801639		-6.14031e+06		-6.14031e+06		-586250		-6.08994e+06		-6.08438e+06		-585050		-6.08957e+06		-6.08415e+06		
8640		-389343		-6.04354e+06		-6.04354e+06		-173362		-5.98685e+06		-5.98022e+06		-172160		-5.98644e+06		-5.97995e+06		
8700		23836.9		-5.93291e+06		-5.93291e+06		239926		-5.86961e+06		-5.8619e+06		241128		-5.86916e+06		-5.86159e+06		
8760		436949		-5.80788e+06		-5.80788e+06		652602		-5.73765e+06		-5.72885e+06		653800		-5.73716e+06		-5.7285e+06		
8820		848923		-5.66787e+06		-5.66787e+06		1.06353e+06		-5.59042e+06		-5.58053e+06		1.06472e+06		-5.58989e+06		-5.58013e+06		
8880		1.25856e+06		-5.51233e+06		-5.51233e+06		1.47143e+06		-5.42738e+06		-5.41638e+06		1.47262e+06		-5.4268e+06		-5.41594e+06		
8940		1.66451e+06		-5.34073e+06		-5.34073e+06		1.8749e+06		-5.248e+06		-5.23589e+06		1.87606e+06		-5.24737e+06		-5.23541e+06		
9000		2.06529e+06		-5.15257e+06		-5.15257e+06		2.27234e+06		-5.0518e+06		-5.0386e+06		2.27348e+06		-5.05113e+06		-5.03806e+06		
9060		2.45924e+06		-4.94739e+06		-4.94739e+06		2.66201e+06		-4.83838e+06		-4.82407e+06		2.66313e+06		-4.83765e+06		-4.82348e+06		
9120		2.84452e+06		-4.72482e+06		-4.72482e+06		3.04199e+06		-4.60737e+06		-4.59198e+06		3.04308e+06		-4.6066e+06		-4.59134e+06		
9180		3.21912e+06		-4.48456e+06		-4.48456e+06		3.41019e+06		-4.35855e+06		-4.34208e+06		3.41124e+06		-4.35773e+06		-4.34139e+06		
9240		3.58087e+06		-4.22642e+06		-4.22642e+06		3.76433e+06		-4.09179e+06		-4.07427e+06		3.76533e+06		-4.09092e+06		-4.07352e+06		
9300		3.92742e+06		-3.95036e+06		-3.95036e+06		4.10198e+06		-3.80714e+06		-3.78859e+06		4.10293e+06		-3.80622e+06		-3.78779e+06		
9360		4.25626e+06		-3.65653e+06		-3.65653e+06		4.42056e+06		-3.50483e+06		-3.48528e+06		4.42146e+06		-3.50386e+06		-3.48443e+06		
9420		4.56477e+06		-3.34524e+06		-3.34524e+06		4.71741e+06		-3.18529e+06		-3.1648e+06		4.71823e+06		-3.18428e+06		-3.1639e+06		
9480		4.85022e+06		-3.01709e+06		-3.01709e+06		4.98975e+06		-2.84924e+06		-2.82785e+06		4.9905e+06		-2.84819e+06		-2.8269e+06		
9540		5.10985e+06		-2.6729e+06		-2.6729e+06		5.23483e+06		-2.49765e+06		-2.47543e+06		5.2355e+06		-2.49655e+06		-2.47444e+06		
9600		5.34093e+06		-2.3138e+06		-2.3138e+06		5.44997e+06		-2.13178e+06		-2.10882e+06		5.45055e+06		-2.13066e+06		-2.10779e+06		
9660		5.54084e+06		-1.94121e+06		-1.94121e+06		5.63261e+06		-1.75323e+06		-1.72961e+06		5.63309e+06		-1.75207e+06		-1.72854e+06		
9720		5.70715e+06		-1.55686e+06		-1.55686e+06		5.78045e+06		-1.36385e+06		-1.33969e+06		5.78083e+06		-1.36267e+06		-1.33859e+06		
9780		5.83772e+06		-1.16278e+06		-1.16278e+06		5.89152e+06		-965814		-941231		5.89179e+06		-964613		-940107		
9840		5.93077e+06		-761234		-761234		5.96428e+06		-561503		-536637		5.96444e+06		-560293		-535497		
9900		5.98501e+06		-354714		-354714		5.99769e+06		-153493		-128495		5.99773e+06		-152280		-127344		
9960		5.99965e+06		54149.6		54149.6		5.99124e+06		255536		280504		5.99118e+06		256743		281657		
